26056
26219
26387
26377
25996
25962
26343
26743
27230
26693
25940
26354
26134
25322
25388
26921
25406
25934
25833
26003
25695
25678
26109
25716
26379
26015
25766
25789
26028
25667
25993
26522
27289
26356
26177
26191
26508
25789
25691
26206
26232
25739
26188
25559
26299
26574
25721
25424
25656
25741
25900
26943
26334
26082
25818
25992
26676
26317
25445
25776
25481
26190
26118
26699
26128
25798
25978
26720
26196
26058
26418
26370
26122
26219
26086
26799
26458
27061
26630
24796
24824
25926
25791
25390
26463
26222
25920
26270
26635
25004
24586
25821
26310
26033
26359
25034
26216
25120
25993
26278
25467
25576
26559
26189
25751
26311
26020
25945
25571
26890
25208
26468
26745
26694
26321
25856
25560
26861
26346
25938
26305
27134
25072
26123
25758
26028
25999
25950
