11754
11916
12149
11682
12236
12044
12308
12193
11579
12430
11696
12050
12319
12192
11994
11945
12127
11713
11882
11855
12083
11737
12347
12384
12352
12098
11407
11742
12162
12096
11875
12342
11894
11814
12151
11880
11985
11811
12270
12250
12008
11965
11835
11893
11596
11940
12053
11868
12257
11587
11956
12142
12174
11968
12415
11670
11779
12210
11988
12097
11956
12438
12276
11853
11996
11780
12238
12090
11784
12219
11806
11921
12138
11846
11930
12026
11643
12422
12348
12296
12201
12002
12078
12180
11997
11856
12116
12350
12033
12089
12512
12039
12135
11827
11899
12084
11656
11966
11970
11843
11836
12214
11830
11659
11607
12215
11821
11957
11540
12121
12070
12164
12086
12105
12164
11702
12114
11911
11890
12395
11766
12100
11903
11907
11914
12328
11893
12088
