8118
7029
7712
7471
8849
7941
8410
8592
7893
7842
7522
7298
7536
8316
8798
8656
7539
6519
8224
6990
7664
8081
8166
7615
7747
7788
7826
7779
7948
7545
7890
7540
7607
8262
7561
7908
7078
7658
8233
8502
6396
8126
7957
8320
8146
8122
8283
8086
8168
8220
8239
9240
9132
9123
9025
8967
8960
9136
8717
8682
8413
9171
8716
8683
9565
8548
9024
8859
8409
8351
8650
8627
8615
9147
9051
8590
8981
9040
8633
8989
8866
8715
8172
8302
9393
8757
8851
9112
9363
8126
9015
9124
8834
9599
9133
9259
9333
8574
9572
9124
8810
8969
8734
8882
8736
9232
9024
9079
8370
8663
8817
8892
9091
9364
8135
7928
8226
8900
7569
8350
8206
8181
7458
7307
8125
0
0
0
